    1    21 0.3239e+01 0.6696e+06 0.7370e+00
    1    22 0.2709e+01 0.1614e+08 0.2359e-01
    1    23 0.4814e+01 0.5431e+07 0.4927e+00
    1    24 0.5433e+01 0.1187e+07 0.7841e+00
    1    25 0.3715e+01 0.7850e+06 0.8990e+00
    1    26 0.3935e+01 0.2396e+07 0.8096e+00
    1    27 0.4793e+01 0.9067e+07 0.2519e+00
    1    28 0.6285e+01 0.2609e+07 0.8987e+00
    1    29 0.3778e+01 0.7031e+07 0.6559e-01
    1    30 0.2332e+01 0.5831e+06 0.4081e+00
    1    31 0.2512e+01 0.6581e+06 0.1582e+00
    1    32 0.5125e+01 0.1158e+07 0.6148e+00
    1    33 0.7446e+01 0.8232e+06 0.8553e+00
    1    34 0.4572e+01 0.3362e+07 0.6006e+00
    1    35 0.3291e+01 0.1079e+07 0.2384e+00
    1    36 0.3816e+01 0.1892e+07 0.9256e+00
    1    37 0.3490e+01 0.7393e+07 0.5609e+00
    1    38 0.2270e+01 0.9863e+06 0.5254e+00
    1    39 0.3398e+01 0.4232e+07 0.6783e+00
    1    40 0.5114e+01 0.1545e+07 0.5169e+00
    1    41 0.3356e+01 0.7148e+07 0.1840e+00
    1    42 0.2339e+01 0.7581e+06 0.8026e+00
    1    43 0.7967e+01 0.4736e+08 0.1553e+00
    1    44 0.3277e+01 0.7273e+06 0.2902e+00
    1    45 0.4034e+01 0.4141e+07 0.3922e+00
    1    46 0.5554e+01 0.9304e+06 0.3431e+00
    1    47 0.1686e+01 0.9039e+06 0.5382e+00
    1    48 0.5677e+01 0.1901e+07 0.1882e+00
    1    49 0.4945e+01 0.2425e+07 0.4270e+00
    1    50 0.4900e+01 0.2663e+07 0.1803e+00
    1    51 0.2081e+01 0.2328e+06 0.5290e+00
    1    52 0.2985e+01 0.6358e+06 0.5398e+00
    1    53 0.4182e+01 0.1467e+07 0.8731e+00
    1    54 0.3533e+01 0.1649e+07 0.6845e+00
    1    55 0.2148e+01 0.6689e+07 0.5544e+00
    1    56 0.4061e+01 0.7792e+06 0.3220e+00
    1    57 0.4017e+01 0.9558e+06 0.9009e+00
    1    58 0.2452e+01 0.9567e+08 0.7354e-02
    1    59 0.2965e+01 0.3113e+08 0.1721e+00
    1    60 0.1340e+01 0.1902e+07 0.9581e+00
    1    61 0.5306e+01 0.7200e+06 0.7872e+00
    1    62 0.5618e+01 0.1265e+07 0.3185e+00
    1    63 0.6826e+01 0.1096e+07 0.2618e+00
    1    64 0.2342e+01 0.9685e+06 0.6157e+00
    1    65 0.2619e+01 0.7474e+06 0.9152e+00
    1    66 0.2248e+01 0.1681e+07 0.6742e+00
    1    67 0.5545e+01 0.8213e+06 0.7561e+00
    1    68 0.5444e+01 0.8150e+06 0.5257e+00
    1    69 0.4435e+01 0.1981e+08 0.3018e-01
    1    70 0.4559e+01 0.1571e+10 0.3481e-02
    1    71 0.2251e+01 0.2584e+07 0.2550e+00
    1    72 0.5902e+01 0.2499e+08 0.4007e+00
    1    73 0.1908e+01 0.4115e+08 0.3318e+00
    1    74 0.2063e+01 0.1019e+08 0.4136e+00
    1    75 0.3262e+01 0.4640e+06 0.5623e+00
    1    76 0.5376e+01 0.6092e+06 0.7498e+00
    1    77 0.2296e+01 0.5690e+06 0.4146e+00
    1    78 0.5803e+01 0.5453e+07 0.2717e+00
    1    79 0.1136e+01 0.7792e+06 0.5665e+00
    1    80 0.9107e+01 0.3015e+07 0.4407e+00
    1    81 0.3015e+01 0.1229e+08 0.2493e+00
    1    82 0.2174e+01 0.9089e+08 0.3061e-02
    1    83 0.3382e+01 0.1344e+07 0.8134e+00
    1    84 0.6634e+01 0.5661e+07 0.4183e+00
    1    85 0.4872e+01 0.6720e+07 0.8642e-01
    1    86 0.4963e+01 0.2062e+07 0.1869e+00
    1    87 0.3798e+01 0.3461e+06 0.7091e+00
    2     1 0.1090e+01 0.8841e+06 0.3590e+00
    2     2 0.2080e+01 0.7214e+07 0.7350e+00
    2     3 0.1869e+01 0.3673e+07 0.2929e+00
    2     4 0.1192e+01 0.5816e+07 0.4167e+00
    2     5 0.3922e+01 0.2153e+08 0.1440e+00
    2     6 0.1671e+01 0.2202e+07 0.8632e+00
    2     7 0.3682e+01 0.4554e+07 0.6766e-01
    2     8 0.3964e+01 0.2406e+07 0.1039e+00
    2     9 0.3811e+01 0.2283e+07 0.1302e+00
    2    10 0.3017e+01 0.2246e+08 0.9166e+00
    2    11 0.6379e+01 0.1363e+08 0.1933e+00
    2    12 0.4801e+01 0.4700e+07 0.1448e+00
    2    13 0.1020e+02 0.1493e+07 0.6029e+00
    2    14 0.2697e+01 0.1182e+07 0.3898e+00
    2    15 0.4827e+01 0.2644e+07 0.1472e+00
    2    16 0.1406e+00 0.4086e+07 0.1720e+00
    2    17 0.6553e+01 0.1323e+07 0.3235e+00
    2    18 0.4625e+01 0.1155e+07 0.1740e+00
    2    19 0.3367e+01 0.1051e+09 0.3574e-01
    2    20 0.7679e+01 0.9663e+06 0.6380e+00
    2    21 0.4479e+01 0.9443e+07 0.2684e+00
    2    22 0.2770e+01 0.1387e+08 0.2193e+00
    2    23 0.4856e+01 0.3281e+07 0.7519e+00
    2    24 0.3018e+01 0.2549e+07 0.3394e+00
    2    25 0.7644e+01 0.5228e+08 0.1027e+00
    2    26 0.2584e+01 0.1654e+08 0.3412e+00
    2    27 0.3134e+01 0.4588e+06 0.9419e+00
    2    28 0.3333e+01 0.1829e+09 0.3576e+00
    2    29 0.2750e+01 0.6759e+06 0.2580e+00
    2    30 0.2839e+01 0.3322e+07 0.1680e+00
    2    31 0.2971e+01 0.2450e+07 0.1155e+00
    2    32 0.2433e+01 0.9650e+06 0.4234e+00
    2    33 0.4132e+01 0.8936e+08 0.1192e+00
    2    34 0.4734e+01 0.4145e+06 0.4822e+00
    2    35 0.3377e+01 0.3598e+07 0.5014e+00
    2    36 0.3984e+01 0.9365e+07 0.5772e+00
    2    37 0.3988e+01 0.9489e+07 0.2982e-01
    2    38 0.1872e+01 0.3543e+08 0.2546e-01
    2    39 0.2946e+01 0.6694e+06 0.8399e+00
    2    40 0.3361e+01 0.5665e+07 0.2110e+00
    2    41 0.1125e+02 0.5648e+07 0.3839e+00
    2    42 0.1227e+01 0.9978e+06 0.4320e+00
    2    43 0.2038e+01 0.7038e+07 0.5933e+00
    2    44 0.5150e+01 0.2554e+07 0.6206e+00
    2    45 0.3393e+01 0.3054e+07 0.2512e+00
    2    46 0.5327e+01 0.1524e+07 0.4217e+00
    2    47 0.1942e+01 0.7088e+06 0.1640e+00
    2    48 0.7424e+00 0.4466e+06 0.4514e+00
    2    49 0.3075e+01 0.1340e+08 0.1898e+00
    2    50 0.4540e+01 0.7238e+07 0.6153e+00
    2    51 0.3567e+01 0.5422e+06 0.5810e+00
    2    52 0.1172e+01 0.4843e+06 0.4388e+00
    2    53 0.4886e+01 0.7442e+07 0.1755e+00
    2    54 0.3141e+01 0.6043e+08 0.6630e-01
    2    55 0.4563e+01 0.5936e+06 0.5258e+00
    2    56 0.6326e+01 0.1595e+08 0.8993e+00
    2    57 0.6836e+01 0.8589e+06 0.5475e+00
    2    58 0.1195e+01 0.1361e+07 0.2763e+00
    2    59 0.2780e+01 0.2869e+07 0.1291e+00
    3     1 0.4699e+01 0.4077e+09 0.2771e+00
    3     2 0.9760e+00 0.4518e+06 0.2520e+00
    3     3 0.2229e+01 0.5645e+07 0.1125e+00
    3     4 0.8561e+01 0.1207e+07 0.3396e+00
    3     5 0.2124e+01 0.6014e+08 0.6203e-01
    3     6 0.6312e+01 0.4146e+06 0.8584e+00
    3     7 0.4758e+01 0.9352e+08 0.3680e-01
    3     8 0.4249e+01 0.1531e+08 0.1409e+00
    3     9 0.2158e+01 0.1228e+07 0.5042e+00
    3    10 0.1639e+01 0.1111e+07 0.3451e+00
    3    11 0.5154e+01 0.2261e+08 0.9393e+00
    3    12 0.5962e+01 0.5041e+07 0.3173e+00
    3    13 0.2199e+01 0.1827e+08 0.1710e-01
    3    14 0.6473e+01 0.1392e+07 0.2020e+00
    3    15 0.4788e+01 0.2255e+07 0.5413e+00
    3    16 0.4701e+01 0.1028e+08 0.1278e+00
    3    17 0.2272e+01 0.2672e+06 0.8928e+00
    3    18 0.2090e+01 0.9382e+06 0.1836e+00
    3    19 0.3839e+01 0.6974e+07 0.1133e+00
    3    20 0.2916e+01 0.1092e+07 0.6041e+00
    3    21 0.2884e+01 0.3938e+08 0.1103e+00
    3    22 0.3284e+01 0.2866e+08 0.4114e-01
    3    23 0.3819e+01 0.9297e+07 0.1372e+00
    3    24 0.5666e+01 0.5949e+07 0.2865e+00
    3    25 0.5213e+00 0.9932e+09 0.1445e-02
    3    26 0.1530e+01 0.5762e+06 0.8113e+00
    3    27 0.2265e+01 0.8468e+06 0.4678e+00
    3    28 0.6408e+01 0.1465e+07 0.8533e+00
    3    29 0.3876e+01 0.2260e+08 0.6527e-01
    3    30 0.4867e+01 0.7438e+06 0.4140e+00
    3    31 0.3198e+01 0.3022e+07 0.2454e+00
    3    32 0.3657e+01 0.1080e+08 0.9319e-01
    3    33 0.2888e+01 0.5394e+06 0.9115e+00
    3    34 0.4565e+01 0.4375e+07 0.2393e+00
    3    35 0.5730e+01 0.1639e+07 0.7964e+00
    3    36 0.2474e+01 0.3230e+07 0.8664e-01
    3    37 0.3625e+01 0.3244e+08 0.9117e-01
    3    38 0.8818e+01 0.2927e+07 0.3683e+00
    3    39 0.1861e+01 0.3237e+07 0.6358e+00
    3    40 0.4717e+01 0.2283e+07 0.1169e+00
    3    41 0.2777e+01 0.1892e+07 0.5270e+00
    3    42 0.4164e+01 0.3525e+08 0.1387e+00
    3    43 0.1261e+01 0.8545e+06 0.2320e+00
    3    44 0.5312e+01 0.6537e+06 0.8307e+00
    3    45 0.6888e+00 0.1067e+07 0.6343e+00
    3    46 0.3092e+01 0.8661e+06 0.4979e+00
    3    47 0.2033e+01 0.3939e+06 0.2954e+00
    3    48 0.1066e+01 0.1836e+06 0.8317e+00
    3    49 0.5087e+01 0.1298e+07 0.2935e+00
    3    50 0.1644e+01 0.5452e+08 0.2461e-02
    3    51 0.3107e+01 0.6277e+06 0.4863e+00
    3    52 0.2198e+01 0.9633e+07 0.2493e+00
    3    53 0.2975e+01 0.2303e+07 0.8531e-01
    3    54 0.2255e+01 0.6865e+06 0.4495e+00
    3    55 0.5102e+01 0.9575e+06 0.2521e+00
    3    56 0.2510e+01 0.1205e+07 0.3436e+00
    3    57 0.1163e+01 0.6808e+07 0.4645e+00
    3    58 0.7503e+01 0.1627e+07 0.3666e+00
    3    59 0.5660e+01 0.5673e+06 0.8679e+00
    3    60 0.3090e+01 0.9996e+06 0.3754e+00
    4     1 0.7093e+01 0.8584e+07 0.3735e+00
    4     2 0.2273e+01 0.7801e+07 0.6058e-01
    4     3 0.4131e+01 0.1832e+07 0.6554e+00
    4     4 0.5560e+01 0.9243e+07 0.3435e+00
    4     5 0.6904e+01 0.5360e+07 0.2242e+00
    4     6 0.2355e+01 0.6638e+07 0.7080e+00
    4     7 0.6857e+01 0.1083e+07 0.3417e+00
    4     8 0.3199e+01 0.1448e+07 0.6076e+00
    4     9 0.4172e+01 0.1135e+09 0.7346e+00
    4    10 0.3513e+01 0.6679e+06 0.4580e+00
    4    11 0.2523e+01 0.6847e+07 0.9964e+00
    4    12 0.6406e+01 0.2483e+07 0.1708e+00
    4    13 0.3678e+01 0.7394e+08 0.2695e+00
    4    14 0.2051e+01 0.4568e+07 0.6626e-01
    4    15 0.8705e+01 0.5508e+07 0.5194e+00
    4    16 0.1786e+01 0.1131e+08 0.3161e+00
    4    17 0.4349e+01 0.8361e+08 0.8524e+00
    4    18 0.8741e+01 0.2652e+07 0.8774e+00
    4    19 0.3629e+00 0.1833e+07 0.2655e+00
    4    20 0.7505e+01 0.2668e+07 0.3240e+00
    4    21 0.2907e+01 0.2655e+07 0.7852e-01
    4    22 0.1068e+02 0.2016e+07 0.6322e+00
    4    23 0.7762e+01 0.1615e+08 0.1013e+00
    4    24 0.3268e+01 0.1327e+07 0.1558e+00
    4    25 0.3365e+01 0.1574e+07 0.7108e+00
    4    26 0.3084e+01 0.3023e+08 0.2031e+00
    4    27 0.3994e+01 0.1207e+07 0.8947e+00
    4    28 0.2404e+01 0.1112e+08 0.6596e+00
    4    29 0.3464e+01 0.3609e+08 0.8996e-01
    4    30 0.3464e+01 0.3609e+08 0.8996e-01
    4    31 0.5976e+01 0.7544e+07 0.2995e-01
    4    32 0.2403e+01 0.3479e+06 0.2266e+00
    4    33 0.4845e+01 0.6963e+06 0.4971e+00
    4    34 0.9952e+01 0.4409e+07 0.2615e+00
    4    35 0.6630e+01 0.1466e+07 0.5288e+00
    4    36 0.2330e+01 0.1893e+06 0.8254e+00
    4    37 0.1418e+01 0.6376e+06 0.8379e+00
    4    38 0.2102e+01 0.8229e+06 0.1652e+00
    4    39 0.2388e+01 0.7017e+08 0.3259e+00
    4    40 0.4971e+01 0.1257e+07 0.4559e+00
    4    41 0.3994e+01 0.1412e+07 0.6758e+00
    4    42 0.3502e+01 0.6250e+06 0.7703e+00
    4    43 0.4982e+01 0.6230e+06 0.2524e+00
    4    44 0.3718e+01 0.8672e+08 0.4366e+00
    4    45 0.2880e+01 0.1001e+08 0.1611e-01
    4    46 0.1351e+01 0.5035e+06 0.4248e+00
    4    47 0.4000e+01 0.1930e+08 0.1737e-01
    4    48 0.2362e+01 0.6766e+06 0.1560e+00
    4    49 0.2723e+01 0.2885e+07 0.1195e+00
    4    50 0.4639e+01 0.1089e+08 0.4097e-01
    4    51 0.7151e+01 0.6152e+07 0.1474e+00
    4    52 0.2687e+01 0.3419e+06 0.7424e+00
    4    53 0.3665e+01 0.4146e+06 0.8067e+00
    4    54 0.2681e+01 0.1087e+09 0.2189e+00
    4    55 0.3992e+01 0.1975e+07 0.5218e+00
    4    56 0.2501e+01 0.7057e+07 0.1551e-01
    4    57 0.5058e+01 0.8794e+06 0.6190e+00
    4    58 0.7440e+01 0.3699e+07 0.5284e+00
    5     1 0.4318e+01 0.3450e+07 0.6389e-01
    5     2 0.2310e+01 0.2308e+06 0.3224e+00
    5     3 0.2025e+01 0.8011e+06 0.7106e+00
    5     4 0.2953e+01 0.1397e+08 0.1507e+00
    5     5 0.5726e+01 0.5252e+07 0.2016e+00
    5     6 0.5726e+01 0.5252e+07 0.2016e+00
    5     7 0.9457e+01 0.5127e+07 0.3989e+00
    5     8 0.3941e+01 0.2268e+07 0.3532e+00
    5     9 0.5291e+01 0.1803e+07 0.2146e+00
    5    10 0.6995e+01 0.4600e+06 0.8951e+00
    5    11 0.4773e+01 0.1221e+07 0.6341e+00
    5    12 0.3602e+01 0.5198e+09 0.8953e-02
    5    13 0.4657e+01 0.4474e+07 0.4235e+00
    5    14 0.2491e+01 0.3378e+06 0.6644e+00
    5    15 0.2512e+01 0.3992e+06 0.8415e+00
    5    16 0.1032e+01 0.4702e+06 0.4301e+00
    5    17 0.1039e+02 0.3253e+07 0.1995e+00
    5    18 0.1186e+01 0.1307e+09 0.2516e+00
    5    19 0.1953e+01 0.9777e+06 0.6910e+00
    5    20 0.4606e+01 0.2719e+07 0.3070e+00
    5    21 0.3040e+01 0.9257e+06 0.3390e+00
    5    22 0.3202e+01 0.1810e+08 0.7456e-01
    5    23 0.6834e+01 0.6983e+06 0.4823e+00
    5    24 0.1647e+01 0.1402e+08 0.3225e+00
    5    25 0.1958e+01 0.1751e+07 0.3612e+00
    5    26 0.3973e+01 0.8669e+06 0.2174e+00
    5    27 0.2118e+01 0.5087e+08 0.3464e-01
    5    28 0.3342e+01 0.1926e+07 0.2810e+00
    5    29 0.4425e+01 0.4209e+08 0.6951e+00
    5    30 0.6144e+01 0.2459e+08 0.7724e-01
    5    31 0.2164e+01 0.5772e+07 0.9762e-01
    5    32 0.2798e+01 0.3735e+07 0.1014e+00
    5    33 0.6190e+01 0.1075e+07 0.2767e+00
    5    34 0.8737e+01 0.3042e+07 0.6980e+00
    5    35 0.2947e+01 0.5536e+06 0.7369e+00
    5    36 0.6350e+01 0.5505e+07 0.1774e+00
    5    37 0.8669e+01 0.1449e+07 0.3238e+00
    5    38 0.3474e+01 0.5383e+07 0.7249e+00
    5    39 0.3493e+01 0.7590e+06 0.6542e+00
    5    40 0.3278e+01 0.2255e+08 0.5719e+00
    5    41 0.3769e+01 0.2538e+07 0.6294e+00
    5    42 0.5682e+01 0.1647e+07 0.4992e+00
    5    43 0.4164e+01 0.4999e+07 0.3454e+00
    5    44 0.4010e+01 0.1248e+07 0.3944e+00
    5    45 0.1887e+01 0.7446e+06 0.1819e+00
    5    46 0.3809e+01 0.5214e+08 0.1127e+00
    5    47 0.9567e+01 0.1510e+07 0.2166e+00
    5    48 0.7139e+01 0.4144e+07 0.4217e+00
    5    49 0.4167e+01 0.2762e+07 0.2230e+00
    5    50 0.2313e+01 0.7511e+06 0.3082e+00
    5    51 0.6524e+01 0.2688e+07 0.7674e+00
    5    52 0.1941e+01 0.4073e+06 0.7379e+00
    5    53 0.2281e+01 0.6029e+06 0.1757e+00
    5    54 0.1578e+01 0.2283e+08 0.6625e+00
    5    55 0.2553e+01 0.9949e+07 0.4168e-01
    5    56 0.2801e+01 0.2934e+07 0.1467e+00
    5    57 0.1002e+02 0.1272e+07 0.4762e+00
    5    58 0.3369e+01 0.8354e+07 0.6802e+00
    6     1 0.2975e+01 0.1810e+07 0.8642e+00
    6     2 0.6265e+01 0.5029e+08 0.1189e+00
    6     3 0.6937e+01 0.2519e+08 0.8086e+00
    6     4 0.1886e+01 0.1768e+07 0.9894e+00
    6     5 0.2222e+01 0.1351e+08 0.9164e+00
    6     6 0.3304e+01 0.2175e+07 0.6486e+00
    6     7 0.2814e+01 0.4596e+07 0.9696e+00
    6     8 0.6426e+01 0.9450e+07 0.3883e+00
    6     9 0.5557e+01 0.1725e+09 0.2968e-01
    6    10 0.1512e+01 0.5368e+06 0.7481e+00
    6    11 0.1358e+01 0.1830e+07 0.1517e+00
    6    12 0.6753e+01 0.5575e+07 0.6934e+00
    6    13 0.6735e+01 0.1823e+07 0.1959e+00
    6    14 0.2291e+01 0.3603e+07 0.1178e+00
    6    15 0.2672e+01 0.1469e+07 0.1050e+00
    6    16 0.3896e+01 0.1178e+08 0.3553e+00
    6    17 0.3150e+01 0.4361e+07 0.6993e-01
    6    18 0.2531e+01 0.1490e+07 0.5812e+00
    6    19 0.2698e+01 0.6105e+06 0.6022e+00
    6    20 0.1242e+01 0.1529e+07 0.3739e+00
    6    21 0.1530e+01 0.1476e+09 0.2244e-01
    6    22 0.4682e+01 0.2328e+07 0.2701e+00
    6    23 0.7319e+01 0.1016e+07 0.7963e+00
    6    24 0.7358e+01 0.2037e+07 0.9479e+00
    6    25 0.1081e+01 0.2379e+07 0.1401e+00
    6    26 0.4280e+01 0.8149e+06 0.6375e+00
    6    27 0.1791e+01 0.1360e+08 0.8899e-01
    6    28 0.3355e+01 0.8535e+08 0.2999e-01
    6    29 0.7514e+01 0.1125e+08 0.4674e+00
    6    30 0.4422e+01 0.1895e+08 0.1422e+00
    6    31 0.3740e+01 0.7895e+07 0.2369e+00
    6    32 0.6608e+01 0.6570e+06 0.5784e+00
    6    33 0.1848e+01 0.1482e+08 0.1338e+00
    6    34 0.1765e+01 0.4104e+07 0.1047e+00
    6    35 0.6424e+01 0.1796e+07 0.3995e+00
    6    36 0.4935e+01 0.3538e+07 0.7900e+00
    6    37 0.2540e+01 0.9343e+07 0.5685e-01
    6    38 0.2631e+01 0.4085e+08 0.3310e+00
    6    39 0.1190e+01 0.2047e+08 0.9713e-01
    6    40 0.2227e+01 0.4715e+08 0.1138e+00
    6    41 0.1713e+01 0.3792e+06 0.4935e+00
    6    42 0.5777e+01 0.3436e+07 0.6519e+00
    6    43 0.3743e+01 0.2684e+07 0.8956e+00
    6    44 0.5539e+01 0.1157e+08 0.3417e+00
    6    45 0.3076e+01 0.2009e+07 0.4844e+00
    6    46 0.3329e+01 0.2519e+07 0.2755e+00
    6    47 0.1719e+01 0.3452e+07 0.1989e-01
    6    48 0.5409e+01 0.5370e+07 0.6198e+00
    6    49 0.4083e+01 0.1434e+08 0.7050e+00
    6    50 0.1981e+01 0.9415e+06 0.7153e+00
    6    51 0.1069e+00 0.2029e+06 0.4586e+00
    6    52 0.3616e+01 0.5871e+06 0.6399e+00
    6    53 0.4037e+01 0.5809e+06 0.7603e+00
    6    54 0.2399e+01 0.3604e+07 0.3255e-01
    6    55 0.3362e+01 0.3296e+06 0.9727e+00
    6    56 0.5496e+01 0.4842e+08 0.1649e+00
    6    57 0.4112e+01 0.4493e+07 0.5286e+00
    6    58 0.3896e+01 0.2518e+06 0.5101e+00
    6    59 0.2453e+01 0.1783e+07 0.4569e+00
    6    60 0.3238e+01 0.1535e+07 0.2142e+00
    6    61 0.5591e+01 0.1834e+07 0.3024e+00
    6    62 0.2117e+01 0.5213e+07 0.8847e+00
    6    63 0.1152e+02 0.1685e+07 0.9794e+00
    6    64 0.3223e+01 0.1265e+08 0.3864e+00
    6    65 0.3230e+01 0.5091e+08 0.1770e+00
    6    66 0.8195e-01 0.7920e+06 0.1551e+00
    6    67 0.4199e+01 0.3922e+06 0.5011e+00
    6    68 0.3677e+01 0.1956e+09 0.1969e-02
    6    69 0.1902e+01 0.1490e+07 0.6979e+00
    6    70 0.3708e+01 0.1250e+08 0.9872e-01
    6    71 0.4226e+01 0.1133e+07 0.5078e+00
    6    72 0.4979e+01 0.1733e+07 0.6762e+00
    7     1 0.7462e+01 0.4953e+07 0.4278e+00
    7     2 0.1004e+01 0.9714e+06 0.1688e+00
    7     3 0.4223e+01 0.9884e+07 0.3053e+00
    7     4 0.3153e+01 0.8109e+07 0.1153e+00
    7     5 0.2211e+01 0.4062e+06 0.4333e+00
    7     6 0.7113e+01 0.6336e+07 0.2708e+00
    7     7 0.7113e+01 0.6336e+07 0.2708e+00
    7     8 0.4261e+01 0.2898e+07 0.1572e+00
    7     9 0.5321e+01 0.2260e+07 0.4940e+00
    7    10 0.4499e+01 0.1798e+07 0.6177e+00
    7    11 0.2041e+01 0.1211e+07 0.3834e+00
    7    12 0.4649e+01 0.3730e+08 0.1576e+00
    7    13 0.4649e+01 0.3730e+08 0.1576e+00
    7    14 0.7932e+01 0.8572e+06 0.8807e+00
    7    15 0.1863e+01 0.1312e+07 0.7471e+00
    7    16 0.5476e+01 0.1067e+07 0.2408e+00
    7    17 0.3251e+01 0.1074e+07 0.1769e+00
    7    18 0.8369e+01 0.1991e+07 0.3124e+00
    7    19 0.5430e+01 0.2781e+07 0.7762e-01
    7    20 0.3932e+01 0.3653e+07 0.6071e+00
    7    21 0.3668e+01 0.3699e+08 0.3763e+00
    7    22 0.2180e+01 0.1849e+07 0.3135e+00
    7    23 0.4994e+01 0.8133e+07 0.1527e+00
    7    24 0.1291e+01 0.3734e+08 0.3082e+00
    7    25 0.1101e+01 0.4808e+08 0.3697e-01
    7    26 0.1060e+01 0.7354e+06 0.1823e+00
    7    27 0.1060e+01 0.7354e+06 0.1823e+00
    7    28 0.2124e+01 0.3549e+07 0.2660e+00
    7    29 0.4268e+01 0.1925e+07 0.8894e+00
    7    30 0.1014e+01 0.1180e+08 0.5376e+00
    7    31 0.3252e+01 0.2537e+07 0.2035e+00
    7    32 0.6834e+01 0.2954e+07 0.3865e+00
    7    33 0.1211e+01 0.5519e+06 0.5108e+00
    7    34 0.2250e+01 0.1271e+08 0.8541e+00
    7    35 0.3479e+01 0.4354e+07 0.1744e+00
    7    36 0.3607e+01 0.8151e+07 0.1335e+00
    7    37 0.4704e+01 0.9104e+08 0.6803e-02
    7    38 0.4592e+01 0.2077e+07 0.9171e-01
    7    39 0.2955e+01 0.9419e+08 0.5833e-01
    7    40 0.4163e+01 0.3656e+07 0.5682e+00
    7    41 0.3742e+01 0.3838e+07 0.9649e+00
    7    42 0.3577e+01 0.9500e+07 0.2277e+00
    7    43 0.2971e+01 0.5182e+07 0.9255e-01
    7    44 0.2629e+01 0.4964e+07 0.1644e+00
    7    45 0.1588e+01 0.8152e+06 0.2027e+00
    7    46 0.2329e+01 0.8405e+07 0.1238e+00
    7    47 0.2375e+01 0.8939e+06 0.1700e+00
    7    48 0.3554e+01 0.1871e+07 0.4167e+00
    7    49 0.4691e+01 0.1305e+08 0.6323e-01
    7    50 0.3480e+01 0.5181e+07 0.8590e-01
    7    51 0.4948e+01 0.8414e+07 0.1867e+00
    7    52 0.2950e+01 0.1525e+07 0.1439e+00
    7    53 0.4017e+01 0.3778e+07 0.2927e+00
    7    54 0.1832e+01 0.1194e+07 0.1603e+00
    7    55 0.4333e+01 0.1043e+07 0.2007e+00
    7    56 0.3960e+01 0.1955e+07 0.6849e+00
    7    57 0.1108e+01 0.3261e+07 0.3307e-01
    7    58 0.4415e+01 0.3088e+08 0.2117e+00
    7    59 0.3350e+01 0.4799e+08 0.1216e+00
    7    60 0.2612e+01 0.2292e+06 0.8605e+00
    7    61 0.2581e+01 0.1075e+09 0.1555e+00
    7    62 0.8157e+01 0.9125e+06 0.9580e+00
    7    63 0.7378e+01 0.1589e+07 0.5284e+00
    7    64 0.8510e+01 0.1881e+07 0.4181e+00
    7    65 0.3362e+01 0.1104e+07 0.1446e+00
    7    66 0.6174e+01 0.2517e+07 0.2634e+00
    7    67 0.3844e+00 0.1115e+07 0.3035e+00
    7    68 0.6826e+01 0.1360e+07 0.8011e+00
    7    69 0.7998e+01 0.1706e+07 0.3020e+00
    7    70 0.4181e+01 0.2668e+07 0.3866e+00
    7    71 0.1593e+01 0.9768e+06 0.2574e+00
    8     1 0.1222e+01 0.7540e+08 0.5835e-01
    8     2 0.5239e+01 0.1410e+07 0.8237e+00
    8     3 0.3064e+01 0.5801e+06 0.6846e+00
    8     4 0.2775e+01 0.2601e+07 0.8034e+00
    8     5 0.5291e+01 0.6002e+06 0.8948e+00
    8     6 0.3289e+01 0.1424e+07 0.4766e+00
    8     7 0.3629e+01 0.2823e+07 0.5189e+00
    8     8 0.4537e+01 0.7283e+07 0.3106e+00
    8     9 0.6679e+01 0.8279e+06 0.9895e+00
    8    10 0.1039e+02 0.2110e+07 0.6630e+00
    8    11 0.1039e+02 0.2110e+07 0.6630e+00
    8    12 0.3331e+01 0.3717e+06 0.7330e+00
    8    13 0.3229e+01 0.1383e+08 0.7084e-01
    8    14 0.1479e+01 0.1594e+09 0.1631e-01
    8    15 0.1479e+01 0.1594e+09 0.1631e-01
    8    16 0.9329e+01 0.2671e+07 0.7129e+00
    8    17 0.9756e+01 0.1878e+07 0.4366e+00
    8    18 0.2765e+01 0.6738e+07 0.1643e+00
    8    19 0.3572e+01 0.1132e+07 0.5448e+00
    8    20 0.5803e+01 0.6948e+07 0.8913e-01
    8    21 0.2602e+01 0.3093e+07 0.1320e+00
    8    22 0.4510e+01 0.2841e+07 0.3242e+00
    8    23 0.2440e+01 0.6154e+07 0.1251e+00
    8    24 0.2165e+01 0.7425e+06 0.3094e+00
    8    25 0.9810e+01 0.6616e+06 0.8342e+00
    8    26 0.4838e+01 0.4427e+08 0.3016e-01
    8    27 0.1302e+01 0.7575e+06 0.9781e+00
    8    28 0.3741e+01 0.6062e+07 0.1282e+00
    8    29 0.2431e+01 0.6776e+08 0.9373e-01
    8    30 0.7469e+01 0.1720e+07 0.9238e+00
    8    31 0.2516e+01 0.2232e+07 0.7105e-01
    8    32 0.1924e+01 0.3298e+08 0.5695e-02
    8    33 0.4814e+01 0.1281e+07 0.2374e+00
    8    34 0.4297e+01 0.8045e+07 0.4863e+00
    8    35 0.4234e+01 0.1871e+08 0.1004e+00
    8    36 0.3741e+01 0.1093e+07 0.1186e+00
    8    37 0.5837e+01 0.1520e+07 0.1587e+00
    8    38 0.1930e+01 0.4056e+06 0.8805e+00
    8    39 0.3301e+01 0.3215e+07 0.8519e-01
    8    40 0.4446e+01 0.3754e+07 0.7104e-01
    8    41 0.3886e+01 0.8290e+06 0.5571e+00
    8    42 0.4973e+01 0.2312e+08 0.1343e+00
    8    43 0.3294e+01 0.4512e+06 0.3436e+00
    8    44 0.6965e+01 0.7160e+07 0.2152e+00
    8    45 0.5598e+01 0.6520e+07 0.5356e+00
    8    46 0.5991e+01 0.4123e+07 0.2184e+00
    8    47 0.9121e+00 0.3702e+07 0.8369e-01
    8    48 0.3077e+01 0.2691e+07 0.9342e+00
    8    49 0.2126e+01 0.6857e+08 0.6482e-01
    8    50 0.8411e+01 0.2083e+07 0.4254e+00
    8    51 0.5925e+01 0.1061e+07 0.1141e+00
    8    52 0.1422e+01 0.5474e+06 0.4385e+00
    8    53 0.2999e+01 0.5895e+06 0.8241e+00
    8    54 0.1611e+01 0.9200e+06 0.4240e+00
    8    55 0.3075e+01 0.5432e+07 0.4226e-01
    8    56 0.6495e+01 0.1688e+08 0.1422e+00
    8    57 0.8756e+01 0.1130e+07 0.4133e+00
    8    58 0.6864e+01 0.1345e+07 0.6596e+00
    8    59 0.1283e+01 0.1657e+07 0.2349e+00
    9     1 0.3529e+01 0.8802e+07 0.9296e-01
    9     2 0.6709e+01 0.1467e+08 0.6661e-01
    9     3 0.5663e+01 0.1028e+07 0.3590e+00
    9     4 0.2711e+01 0.4236e+07 0.4951e-01
    9     5 0.3528e+01 0.1754e+08 0.3745e+00
    9     6 0.1339e+01 0.1726e+07 0.7592e-01
    9     7 0.3511e+01 0.3888e+08 0.4719e-02
    9     8 0.6702e+01 0.6281e+07 0.6377e+00
    9     9 0.1766e+01 0.9196e+07 0.9397e-01
    9    10 0.3555e+01 0.9548e+07 0.2090e+00
    9    11 0.5782e+01 0.3364e+07 0.7087e+00
    9    12 0.1426e+01 0.2496e+07 0.2765e+00
    9    13 0.2859e+01 0.3476e+07 0.4859e-01
    9    14 0.3274e+01 0.1918e+07 0.8806e-01
    9    15 0.3515e+01 0.3025e+07 0.3494e+00
    9    16 0.1571e+01 0.1503e+07 0.9787e-01
    9    17 0.2163e+01 0.3538e+08 0.8457e-01
    9    18 0.2076e+01 0.5460e+08 0.3633e+00
    9    19 0.2089e+01 0.1631e+07 0.1261e+00
    9    20 0.1617e+01 0.1512e+07 0.9429e+00
    9    21 0.2571e+01 0.7029e+06 0.1925e+00
    9    22 0.3854e+01 0.1839e+07 0.9367e+00
    9    23 0.2087e+01 0.7530e+06 0.1602e+00
    9    24 0.4262e+01 0.2217e+08 0.4847e-01
    9    25 0.3021e+01 0.5601e+07 0.1461e+00
    9    26 0.6760e+01 0.1185e+07 0.7525e+00
    9    27 0.5493e+01 0.2862e+07 0.5130e+00
    9    28 0.1466e+01 0.9443e+06 0.2149e+00
    9    29 0.2892e+01 0.4279e+07 0.1740e+00
    9    30 0.4970e+01 0.2064e+08 0.8249e-01
    9    31 0.2651e+01 0.9435e+07 0.2677e+00
    9    32 0.8446e+01 0.1843e+07 0.1916e+00
    9    33 0.3193e+01 0.8603e+06 0.6764e+00
    9    34 0.3906e+01 0.1179e+07 0.5034e+00
    9    35 0.5802e+01 0.8811e+06 0.6341e+00
    9    36 0.3399e+01 0.3040e+08 0.6652e-01
    9    37 0.6286e+01 0.3447e+07 0.3044e+00
    9    38 0.3143e+01 0.1645e+07 0.7036e+00
    9    39 0.5476e+01 0.2492e+07 0.2220e+00
    9    40 0.4734e+01 0.9471e+07 0.7054e+00
    9    41 0.6580e+01 0.9421e+07 0.1725e+00
    9    42 0.3692e+01 0.6053e+06 0.5937e+00
    9    43 0.1635e+01 0.4458e+08 0.1296e+00
    9    44 0.3423e+01 0.9235e+07 0.1138e+00
    9    45 0.3671e+01 0.1473e+07 0.3012e+00
    9    46 0.1881e+01 0.7680e+07 0.2536e-01
    9    47 0.3326e+01 0.4171e+07 0.4878e+00
    9    48 0.2717e+01 0.1059e+08 0.3930e-01
   10     1 0.6588e+00 0.3133e+06 0.6826e+00
   10     2 0.2907e+01 0.8408e+07 0.4871e+00
   10     3 0.3332e+01 0.2419e+08 0.7872e-01
   10     4 0.8445e+01 0.5908e+06 0.9039e+00
   10     5 0.1726e+01 0.8922e+07 0.4696e+00
   10     6 0.9004e+01 0.4635e+07 0.4943e+00
   10     7 0.1595e+01 0.6301e+06 0.4109e+00
   10     8 0.1803e+01 0.1184e+07 0.4935e+00
   10     9 0.5871e+01 0.2496e+07 0.3530e+00
   10    10 0.4481e+01 0.1676e+07 0.3571e+00
   10    11 0.3425e+01 0.1227e+07 0.7297e+00
   10    12 0.5580e+01 0.2341e+07 0.2001e+00
   10    13 0.3187e+01 0.2355e+08 0.1299e+00
   10    14 0.2698e+01 0.1783e+06 0.6897e+00
   10    15 0.2112e+01 0.1860e+07 0.3374e+00
   10    16 0.1158e+01 0.8937e+07 0.2398e-01
   10    17 0.4678e+01 0.3047e+08 0.7101e+00
   10    18 0.3509e+01 0.6374e+07 0.5136e-01
   10    19 0.1234e+02 0.1841e+07 0.3818e+00
   10    20 0.5310e+01 0.3000e+07 0.2653e+00
   10    21 0.2604e+01 0.2267e+08 0.6607e-01
   10    22 0.3261e+01 0.6100e+06 0.2186e+00
   10    23 0.3385e+01 0.8574e+07 0.8449e+00
   10    24 0.2528e+01 0.1374e+07 0.4623e+00
   10    25 0.2356e+01 0.5948e+06 0.8690e+00
   10    26 0.3609e+01 0.2737e+07 0.1338e+00
   10    27 0.5070e+01 0.7625e+08 0.5718e-01
   10    28 0.2256e+01 0.1450e+08 0.1443e+00
   10    29 0.3700e+01 0.2614e+08 0.6003e-01
   10    30 0.1041e+01 0.1876e+07 0.5500e+00
   10    31 0.6305e+01 0.1203e+07 0.4817e+00
   10    32 0.2888e+01 0.1742e+07 0.3240e+00
   10    33 0.3006e+01 0.2188e+08 0.7401e+00
   10    34 0.1316e+01 0.5340e+08 0.1376e+00
   10    35 0.4028e+01 0.1079e+07 0.3190e+00
   10    36 0.1674e+01 0.4539e+06 0.6932e+00
   10    37 0.2556e+01 0.6462e+06 0.2698e+00
   10    38 0.3503e+01 0.8077e+06 0.2557e+00
   10    39 0.2528e+01 0.2474e+08 0.6292e-01
   10    40 0.2744e+01 0.4700e+06 0.3393e+00
   10    41 0.1963e+01 0.3204e+06 0.5054e+00
   10    42 0.5450e+01 0.3940e+07 0.9283e+00
   10    43 0.7876e+01 0.5076e+07 0.1045e+00
   10    44 0.6914e+01 0.2735e+07 0.8530e+00
   10    45 0.3440e+01 0.2498e+07 0.1161e+00
   10    46 0.4965e+01 0.5813e+06 0.5864e+00
   10    47 0.5026e+01 0.1917e+07 0.4908e+00
   10    48 0.2765e+01 0.1663e+08 0.2428e-01
   10    49 0.5153e+01 0.3572e+07 0.6879e+00
   10    50 0.7130e+01 0.1236e+08 0.1979e+00
